5058113 n pairs total
      A     C     D     E     F     G     H     I     K     L     M     N  \
A -0.24  0.53 -0.08 -0.10 -0.20 -0.03  0.17 -0.26 -0.06 -0.49  0.27  0.05   
C  0.53  0.18  1.16  0.10 -0.01  0.18  0.31 -0.03  0.11 -0.25  0.41  1.04   
D -0.08  1.16  0.57  0.60  0.43  0.60  0.77  0.37  0.46  0.17  0.91  0.43   
E -0.10  0.10  0.60  0.57  0.44  0.65  0.80  0.38  0.45  0.17  0.92  0.46   
F -0.20 -0.01  0.43  0.44  0.19   NaN  0.41 -0.11  0.12 -0.20  0.06  0.33   
G -0.03  0.18  0.60  0.65   NaN   NaN   NaN   NaN   NaN   NaN   NaN  0.50   
H  0.17  0.31  0.77  0.80  0.41   NaN  0.62  0.38  0.62  0.16  0.88  0.70   
I -0.26 -0.03  0.37  0.38 -0.11   NaN  0.38 -0.05 -0.01 -0.38  0.40  0.28   
K -0.06  0.11  0.46  0.45  0.12   NaN  0.62 -0.01  0.21 -0.07  0.62  0.44   
L -0.49 -0.25  0.17  0.17 -0.20   NaN  0.16 -0.38 -0.07 -0.31  0.30  0.10   
M  0.27  0.41  0.91  0.92  0.06   NaN  0.88  0.40  0.62  0.30  0.33  0.83   
N  0.05  1.04  0.43  0.46  0.33  0.50  0.70  0.28  0.44  0.10  0.83  0.48   
P -0.12  0.03  0.51  0.53  0.19   NaN  0.49  0.01  0.24 -0.11  0.17  0.40   
Q  0.10  0.27  0.74  0.46  0.35  0.54  0.72  0.30  0.50  0.07  0.81  0.62   
R -0.10  1.12  0.42  0.40  0.40  0.56  0.75  0.35  0.60  0.11  0.88  0.66   
S -0.08  0.08  0.55  0.58  0.22   NaN  0.54  0.03  0.27 -0.04  0.22  0.43   
T -0.08  0.13  0.56  0.59  0.24   NaN  0.55  0.03  0.27 -0.04  0.21  0.45   
V -0.32 -0.09  0.34  0.35  0.00   NaN  0.33 -0.21  0.02 -0.30 -0.01  0.27   
W  0.24  0.43  0.85  0.87  0.54   NaN  0.81  0.40  0.60  0.28  0.50  0.74   
Y -0.10  0.09  0.50  0.53  0.19   NaN  0.50  0.01  0.20 -0.07  0.18  0.39   

      P     Q     R     S     T     V     W     Y  
A -0.12  0.10 -0.10 -0.08 -0.08 -0.32  0.24 -0.10  
C  0.03  0.27  1.12  0.08  0.13 -0.09  0.43  0.09  
D  0.51  0.74  0.42  0.55  0.56  0.34  0.85  0.50  
E  0.53  0.46  0.40  0.58  0.59  0.35  0.87  0.53  
F  0.19  0.35  0.40  0.22  0.24  0.00  0.54  0.19  
G   NaN  0.54  0.56   NaN   NaN   NaN   NaN   NaN  
H  0.49  0.72  0.75  0.54  0.55  0.33  0.81  0.50  
I  0.01  0.30  0.35  0.03  0.03 -0.21  0.40  0.01  
K  0.24  0.50  0.60  0.27  0.27  0.02  0.60  0.20  
L -0.11  0.07  0.11 -0.04 -0.04 -0.30  0.28 -0.07  
M  0.17  0.81  0.88  0.22  0.21 -0.01  0.50  0.18  
N  0.40  0.62  0.66  0.43  0.45  0.27  0.74  0.39  
P  0.09  0.42  0.46  0.17  0.17 -0.04  0.44  0.12  
Q  0.42  0.55  0.71  0.46  0.48  0.27  0.75  0.44  
R  0.46  0.71  0.51  0.53  0.53  0.28  0.81  0.48  
S  0.17  0.46  0.53  0.26  0.26  0.06  0.57  0.22  
T  0.17  0.48  0.53  0.26  0.28  0.01  0.56  0.20  
V -0.04  0.27  0.28  0.06  0.01 -0.15  0.19  0.22  
W  0.44  0.75  0.81  0.57  0.56  0.19  0.53  0.32  
Y  0.12  0.44  0.48  0.22  0.20  0.22  0.32  0.41  
